-43.0 -43.0
-43.0 -43.0
-42.0 -43.0
-43.0 -43.0
-43.0 -43.0
-43.0 -43.0
-43.0 -43.0
-42.0 -43.0
-42.0 -43.0
-43.0 -43.0
-42.0 -43.0
-43.0 -43.0
-43.0 -42.0
-43.0 -42.0
-43.0 -43.0
-42.0 -43.0
-43.0 -43.0
-42.0 -43.0
-43.0 -43.0
-43.0 -43.0
-43.0 -43.0
-43.0 -43.0
-42.0 -43.0
-43.0 -43.0
-42.0 -43.0
-43.0 -43.0
-42.0 -43.0
-42.0 -43.0
-42.0 -43.0
-42.0 -42.0
-42.0 -43.0
-42.0 -43.0
-43.0 -43.0
-43.0 -43.0
-42.0 -43.0
-43.0 -43.0
-43.0 -43.0
-43.0 -43.0
-42.0 -44.0
-42.0 -43.0
-42.0 -43.0
-42.0 -44.0
-42.0 -43.0
-43.0 -43.0
-42.0 -43.0
-42.0 -43.0
-43.0 -43.0
-43.0 -43.0
-43.0 -43.0
-43.0 -43.0
-43.0 -43.0
-42.0 -43.0
-42.0 -43.0
-43.0 -43.0
-43.0 -43.0
-42.0 -44.0
-43.0 -43.0
-43.0 -43.0
-43.0 -43.0
-42.0 -43.0
-43.0 -43.0
-42.0 -43.0
-42.0 -44.0
-42.0 -43.0
-43.0 -43.0
-43.0 -43.0
-43.0 -43.0
-42.0 -43.0
-42.0 -43.0
-42.0 -43.0
-42.0 -43.0
-42.0 -43.0
-42.0 -43.0
-42.0 -43.0
-42.0 -43.0
-42.0 -43.0
-42.0 -42.0
-42.0 -42.0
-42.0 -42.0
-43.0 -42.0
-42.0 -42.0
-42.0 -43.0
-42.0 -43.0
-43.0 -43.0
-43.0 -43.0
-43.0 -44.0
-43.0 -43.0
-43.0 -44.0
-43.0 -44.0
-43.0 -43.0
-42.0 -43.0
-42.0 -44.0
-42.0 -43.0
-42.0 -43.0
-42.0 -43.0
-42.0 -43.0
-43.0 -43.0
-42.0 -43.0
-43.0 -43.0
-43.0 -43.0
-42.0 -43.0
-42.0 -43.0
-43.0 -43.0
-43.0 -43.0
-43.0 -43.0
-43.0 -43.0
-42.0 -43.0
-43.0 -44.0
109 ;; 1
-42.0 -44.0
-42.0 -43.0
-43.0 -43.0
-42.0 -44.0
-43.0 -43.0
-42.0 -43.0
-43.0 -43.0
-43.0 -44.0
-43.0 -44.0
-43.0 -44.0
-43.0 -43.0
-42.0 -43.0
-42.0 -43.0
-43.0 -44.0
-43.0 -43.0
-42.0 -44.0
-43.0 -43.0
-43.0 -44.0
-43.0 -43.0
-42.0 -43.0
-42.0 -44.0
-43.0 -43.0
-43.0 -43.0
-43.0 -43.0
-43.0 -43.0
-43.0 -43.0
-43.0 -43.0
-42.0 -44.0
-43.0 -43.0
-43.0 -43.0
-43.0 -44.0
-42.0 -43.0
-43.0 -43.0
-43.0 -42.0
-42.0 -43.0
-43.0 -43.0
-43.0 -43.0
-43.0 -43.0
-43.0 -44.0
-43.0 -44.0
-42.0 -44.0
-42.0 -43.0
-43.0 -43.0
-43.0 -43.0
-42.0 -44.0
-43.0 -43.0
-43.0 -43.0
-42.0 -43.0
-43.0 -44.0
-42.0 -43.0
-43.0 -43.0
-43.0 -43.0
-42.0 -43.0
-43.0 -44.0
-43.0 -44.0
-43.0 -44.0
-43.0 -44.0
-43.0 -44.0
-43.0 -44.0
-43.0 -44.0
-43.0 -44.0
171 ;; 2
-43.0 -44.0
-43.0 -43.0
-43.0 -44.0
-43.0 -43.0
-42.0 -43.0
-43.0 -43.0
-43.0 -44.0
-42.0 -44.0
-42.0 -44.0
-42.0 -43.0
-42.0 -43.0
-43.0 -43.0
-42.0 -44.0
-42.0 -43.0
-42.0 -43.0
-42.0 -43.0
-42.0 -43.0
-42.0 -44.0
-43.0 -44.0
-42.0 -44.0
-42.0 -43.0
-42.0 -43.0
-42.0 -42.0
-43.0 -43.0
-42.0 -43.0
-42.0 -43.0
-43.0 -43.0
-42.0 -43.0
-42.0 -43.0
-42.0 -43.0
-42.0 -43.0
-43.0 -43.0
-42.0 -43.0
-42.0 -43.0
-43.0 -44.0
-42.0 -43.0
-42.0 -43.0
-42.0 -43.0
-42.0 -44.0
-42.0 -44.0
-43.0 -44.0
-43.0 -44.0
-42.0 -44.0
-42.0 -44.0
-42.0 -44.0
-43.0 -44.0
-42.0 -43.0
-43.0 -43.0
-43.0 -43.0
-42.0 -43.0
-43.0 -43.0
-43.0 -43.0
-43.0 -43.0
-43.0 -43.0
-43.0 -43.0
-43.0 -43.0
-42.0 -44.0
-43.0 -44.0
-43.0 -42.0
-43.0 -42.0
-42.0 -42.0
-42.0 -42.0
-42.0 -43.0
-42.0 -43.0
-43.0 -43.0
-43.0 -42.0
-42.0 -43.0
-43.0 -43.0
-43.0 -43.0
-42.0 -43.0
-42.0 -43.0
-42.0 -43.0
-42.0 -43.0
-43.0 -43.0
