302
298
298
289
304
292
289
282
266
288
299
272
296
298
288
296
295
301
303
295
267
297
301
296
300
269
282
297
295
290
297
286
295
288
302
279
300
301
289
299
299
302
295
282
0
0
0
0
238
302
302
295
303
302
291
300
267
299
294
283
302
294
276
299
288
299
293
295
297
262
282
297
289
303
299
292
295
301
302
259
299
298
293
256
301
298
302
287
260
303
289
286
272
301
299
293
292
294
302
241
288
272
298
296
287
290
300
278
271
301
301
297
302
282
291
286
263
290
284
291
285
284
294
304
303
297
281
297
281
292
295
265
283
292
272
299
279
278
295
245
292
277
292
286
286
297
299
292
293
293
289
286
293
245
241
298
279
277
295
282
303
304
272
288
304
304
273
297
282
304
304
293
301
298
279
298
302
285
292
303
302
303
302
299
304
298
300
304
293
297
291
269
283
301
259
294
298
294
302
289
304
301
303
301
274
295
253
292
295
287
301
303
304
300
299
288
297
301
303
303
281
303
295
294
274
295
303
289
273
255
283
301
301
258
299
304
294
276
295
299
275
300
304
298
288
299
301
304
272
300
299
299
299
273
303
299
298
281
299
304
303
273
304
278
269
298
303
301
296
304
278
288
277
304
288
302
302
304
301
298
299
302
298
269
302
288
293
302
293
298
300
291
304
