302.00
300.00
299.33
296.75
298.20
297.17
296.00
294.25
291.11
290.80
291.55
289.92
290.38
290.93
290.73
291.06
291.29
291.83
292.42
292.55
291.33
291.59
292.00
292.17
292.48
291.58
291.22
291.43
291.55
291.50
291.68
291.50
291.61
291.50
291.80
291.44
291.68
291.92
291.85
292.02
292.20
292.43
292.49
292.25
285.76
279.54
273.60
267.90
267.29
267.98
268.65
269.15
269.79
270.39
270.76
271.29
271.21
271.69
272.07
272.25
272.74
273.08
273.13
273.53
273.75
274.14
274.42
274.72
275.04
274.86
274.96
275.26
275.45
275.82
276.13
276.34
276.58
276.90
277.22
276.99
277.26
277.51
277.70
277.44
277.72
277.95
278.23
278.33
278.12
278.40
278.52
278.60
278.53
278.77
278.98
279.12
279.26
279.41
279.64
279.25
279.34
279.26
279.45
279.61
279.68
279.77
279.96
279.94
279.86
280.05
280.24
280.39
280.58
280.60
280.69
280.73
280.58
280.66
280.69
280.77
280.81
280.84
280.94
281.13
281.30
281.43
281.43
281.55
281.54
281.62
281.73
281.60
281.61
281.69
281.61
281.74
281.72
281.70
281.79
281.53
281.60
281.57
281.64
281.67
281.70
281.81
281.93
281.99
282.07
282.14
282.19
282.21
282.28
282.04
281.77
281.88
281.86
281.83
281.91
281.91
282.04
282.18
282.12
282.15
282.28
282.42
282.36
282.45
282.44
282.57
282.70
282.76
282.86
282.95
282.93
283.01
283.12
283.13
283.18
283.29
283.39
283.50
283.60
283.68
283.79
283.87
283.96
284.06
284.11
284.18
284.21
284.14
284.13
284.22
284.09
284.14
284.21
284.26
284.35
284.37
284.47
284.55
284.64
284.72
284.67
284.72
284.57
284.60
284.65
284.66
284.74
284.83
284.92
284.99
285.05
285.06
285.12
285.19
285.27
285.35
285.33
285.41
285.46
285.50
285.44
285.49
285.56
285.58
285.52
285.39
285.38
285.45
285.52
285.40
285.46
285.53
285.57
285.53
285.57
285.62
285.58
285.64
285.72
285.77
285.78
285.83
285.89
285.96
285.91
285.96
286.02
286.07
286.12
286.07
286.13
286.18
286.23
286.21
286.26
286.33
286.39
286.34
286.41
286.38
286.31
286.35
286.42
286.47
286.51
286.57
286.54
286.54
286.51
286.57
286.58
286.63
286.69
286.75
286.80
286.84
286.89
286.94
286.98
286.92
286.97
286.97
286.99
287.05
287.07
287.10
287.15
287.16
287.22
